# 66/300 iterations complete ✅ (25171.48s)
# Results saved to runs\detect\tune
# Best fitness=0.66243 observed at iteration 61
# Best fitness metrics are {'metrics/precision(B)': 0.89527, 'metrics/recall(B)': 0.85588, 'metrics/mAP50(B)': 0.93542, 'metrics/mAP50-95(B)': 0.6321, 'val/box_loss': 1.23118, 'val/cls_loss': 0.62475, 'val/dfl_loss': 0.92279, 'fitness': 0.66243}
# Best fitness model is runs\detect\train64
# Best fitness hyperparameters are printed below.

lr0: 0.00284
lrf: 0.01076
momentum: 0.82954
weight_decay: 0.00048
warmup_epochs: 3.18861
warmup_momentum: 0.91149
box: 7.86059
cls: 0.49189
dfl: 1.21933
hsv_h: 0.01978
hsv_s: 0.4682
hsv_v: 0.45379
degrees: 0.0
translate: 0.08853
scale: 0.36779
shear: 0.0
perspective: 0.0
flipud: 0.0
fliplr: 0.2656
bgr: 0.0
mosaic: 0.69888
mixup: 0.0
copy_paste: 0.0
